    1.5974000000e-05    4.8900000000e-06    4.6300000000e-06    4.3750000000e-06    4.3660000000e-06    4.4010000000e-06    4.4570000000e-06    4.3550000000e-06    4.3190000000e-06    4.3210000000e-06
    2.3729000000e-05    1.9984000000e-05    1.9906000000e-05    1.9414000000e-05    1.9258000000e-05    1.9318000000e-05    1.9318000000e-05    1.9774000000e-05    1.9336000000e-05    1.9234000000e-05
    1.8461400000e-04    1.5491000000e-04    1.5464100000e-04    1.5471400000e-04    1.5426600000e-04    1.5470200000e-04    1.5456100000e-04    1.5412500000e-04    1.8326600000e-04    1.5476400000e-04
    1.6696520000e-03    1.2430580000e-03    1.6549030000e-03    1.2513150000e-03    1.6550770000e-03    1.2891920000e-03    1.4252720000e-03    1.2923910000e-03    1.3076360000e-03    1.4784770000e-03
    1.4910250000e-02    1.7140590000e-02    1.5220075000e-02    1.5010332000e-02    1.5330896000e-02    1.4699614000e-02    1.5153763000e-02    1.5337327000e-02    1.5372423000e-02    1.5421310000e-02
    1.6642896900e-01    1.5113780500e-01    1.5280460800e-01    1.3643610700e-01    1.4831155400e-01    1.5424152700e-01    1.5416620000e-01    1.4936345900e-01    1.5467084900e-01    1.5012062900e-01

    6.0520000000e-06    3.0320000000e-06    2.8610000000e-06    2.8160000000e-06    2.8640000000e-06    2.7980000000e-06    2.8230000000e-06    2.9090000000e-06    2.7540000000e-06    2.7500000000e-06
    1.2522000000e-05    1.2175000000e-05    1.2140000000e-05    1.1973000000e-05    1.2172000000e-05    1.1849000000e-05    1.2115000000e-05    1.2076000000e-05    1.2143000000e-05    1.2151000000e-05
    9.4445000000e-05    9.4272000000e-05    9.4118000000e-05    9.3889000000e-05    9.3649000000e-05    9.3952000000e-05    9.3717000000e-05    9.3402000000e-05    9.4798000000e-05    9.4129000000e-05
    7.2945700000e-04    7.2496000000e-04    7.0647100000e-04    7.4194600000e-04    7.9729800000e-04    6.9679500000e-04    7.4700800000e-04    7.2330600000e-04    7.5766500000e-04    7.9852200000e-04
    8.1797530000e-03    9.3167990000e-03    7.9359820000e-03    8.6345720000e-03    8.4216380000e-03    8.4483350000e-03    8.2258590000e-03    8.6308430000e-03    8.5705800000e-03    8.2793340000e-03
    8.4740180000e-02    8.7450724000e-02    8.6178959000e-02    8.0305701000e-02    8.5128722000e-02    8.3910763000e-02    8.4482981000e-02    9.0087514000e-02    8.4984323000e-02    9.0026863000e-02

